0 0 755 192 228 729 895
1 1 2 25 29 242
2 3 4 5 6 531
3 7 12 13 64 492 576 567
4 8 108 123 175 42 7 35 436 749 31 821 849 896 897 898
5 9 42 58 821 792 894 895 515
6 10 74 291 158 472 178
7 11 288 107 367 29 629
8 12 14 392 126 118 799 288
9 15 30 69 754 31 821
10 16 23 29 283 552 501 144 542 520 765 703 883 402
11 17 18 19 20 181 521 755 31 895 899 898
12 17 150 181 755 850
13 21 22 29 770 223
14 24 29 11 38 109 110 14 113 116 118 121 132 141 175 60 282 264 108 596 653 757
15 26 27 28 47 48 107
16 31 33 37 40 63 64
17 32 50 68 76 125
18 34 422 281 418 138 184 531 458 258
19 35 139 65 140 64 189 28 204
20 36 476 478 479 179 117 359 112
21 39 152 153 157 158
22 37 547 706 360 778
23 29 23 493 284 479 291 288 897
24 41 57 59 60 61 31 164 332 165 180 521 524 308 35 371 718 755 252 552 894 895 712 898 899
25 43 190 132 626 235 885 242 283
26 44 45 46 62 56 94 100
27 49 149 521 35 217 738 436 755 31 821 849 870 609 894 895 896
28 20 64 209 259 164 515 737 525 183 426
29 51 84 57 31 20
30 52 284 412 80 205 335 166 297 650 35 313 498 259 615 564 871 97 291 732 201 396 806
31 53 54 55 79 160
32 56 75 755 821 894
33 65 55 32 303
34 17 37 38 151
35 66 151 187 230 126
36 67 15 93 105 168 235 236 25 246 352
37 70 99 119 31 755
38 23 72 144 336 288 275 136
39 71 341 806 78 515 462 77
40 51 92 69 826 129 699 619
41 73 9 95 101 128
42 75 370 310 43 3 44 388 728 513
43 77 159 160 262 52
44 78 9 87 97 755 31 816 821
45 12 14 81 82 83
46 80 49 77 46 120
47 84 52 78 16 495 487
48 85 870 141 596 134
49 86 262 822 35 194 674 338 263
50 88 696 791
51 89 35 31 821 521
52 90 249 606 342 781 227
53 90 164 329 351 616 433 541
54 91 117 126 124
55 23 57 33 197 727 381
56 29 96 154 216 357
57 98 188 248 142 344 401 521 35 469 755 821 849 289 143 623 870 365 498 238 533 463 856 718 894 887 897 898
58 54 102 103 69 111
59 52 104 98 238 276 251
60 106 291 64 657 49 194 46
61 17 142 104 217
62 107 164 493 755 31 384
63 112 209 188 84 521 35
64 5 8 6 4 773
65 114 170 536 528 550 756 681 829
66 67 237 31 306 445 469 516
67 115 130 131 508 713
68 29 117 135 184 181 285 553
69 102 117 603 244 508 593 814
70 77 122 78 54 226 238 128 111
71 124 129 49 292 293 77 95 275 144 315 149 284 85 26 719 664 291 736 816 31
72 113 102 30 116 51 354 147 181 574 456 388 69 392
73 29 132 123 137 288
74 127 227 282 283 26
75 23 201 319 612 735 72 323
76 133 324 349 533 243 880
77 134 30 69 132 83 251 456 15
78 136 529 712
79 64 262 289 290 180 324 57 77 312 247 120 288 98 332 67 718 556 291
80 36 372 646 785 360 353
81 138 208 758 321 803
82 143 71 146 147 50 183 218 274 267 448 262 521 624 35 201 566 689 755 463 894
83 144 145 174 120 739
84 126 262 359 368 561
85 31 161 162 64 68 200 202 54 165 291 262
86 148 149 175 338 311 405 330
87 65 27 284 1 427 635 586
88 125 164 90 329 621
89 155 205 382 677 709 223 494
90 156 203 509 352 615
91 85 190 191 220 23 420
92 123 137 176 335 165
93 163 387 358 577 284 288 649
94 165 481 173 697 537 297 120
95 166 266 320 21 205
96 167 37 284 335 1 410 500 224 570
97 84 169 177 467 144 580 380 755 894
98 23 167 77 20 556
99 57 232 299 96 120 381 461 471 262 180 324 749
100 171 684 400 676 338
101 125 175 499 503 589 302 296 263
102 54 47 187 210 685 292
103 16 172 173 210 146 57 24 424 559 248 67 35 681 31 821
104 28 179 180 94 376 262
105 178 138 324 339
106 27 35 559 623 628 86 416
107 34 39 740 220 675
108 23 60 59 172 533 26 488 639 447 605 675 324 461 482 262
109 181 182 560 653 502
110 154 68 212 120 213 78 409 413 653
111 121 378 317 288 295
112 53 0 68 130 132 83
113 35 185 186 267 161 140 322
114 30 134 69 342 303
115 57 144 155 77 123 515 415 520
116 186 229 403 524 342 30 618 849
117 17 112 428 120 259 284
118 133 214 76 27 58
119 64 293 356 309 57 35 106 424 386 450
120 192 521 743 755 831 463 894 897
121 193 674 585 383 797 400 699 396 398 891 638 552 405
122 165 194 58 195 196 197 207 221 265 305
123 198 401 144 638 148 151
124 30 110 134 69 73
125 199 7 78 516 822
126 201 150 350 510 284 192
127 37 30 296 15 463
128 40 256 257 50 124
129 117 246 72 379 699 862
130 27 206 29 214 536
131 208 722 314 219 171 324
132 29 288 102 552 197 597
133 49 73 255 64 167 105 52
134 211 331 457 547 827 831
135 215 166 48 130 65 326 179 385
136 35 77 36 338 178 326 180 788 760
137 219 222 39 705 314 138 389
138 15 134 563 335 288 98 573
139 37 113 229 207 755 374 895 896
140 107 223 224 95 225
141 161 248 344 413 141
142 228 777 57 404 468 535
143 203 230 231 278 388 451
144 233 15 296 755 31
145 234 526 138 807 804
146 147 181 239 217 285
147 117 244 206 214 526 553 377 488 458 740 586 790
148 240 284 97 288
149 51 120 258 259 260 261 55
150 241 54 187 289 204 465 321 34 453 239 696 157
151 242 144 435 623 695 135 515
152 128 313 246 368 375 391 505 158
153 243 579 535 275 515 31 816 749 591 894 895
154 245 113 354 57 377 331 7 309 573 787
155 29 240 639 139 136 63 474 482
156 247 248 347 288 592 19 765
157 250 291 353 303
158 84 252 312 224 706
159 35 251 15 253 304 521 121 496
160 254 294 206 214 318 878 85
161 227 303 374 293 60 554
162 262 263 598 541 537 126 500 353
163 193 239 264 30 49 342 108
164 128 342 244 69 203 623 699 702 714 539 100 636
165 268 247 281 78 56 180 232
166 86 269 35 31 821 894 895 896
167 270 755 848 20 895 899
168 271 78 700 57 98 535 623
169 272 373 248 312 356 607 393 288 52 73
170 107 273 57 257 288
171 49 198 176 275 276 93 309 406 288 552
172 18 29 23 712 552 57 703 64 144
173 39 275 77 291 312 194 288 602 393 628
174 175 44 87 243 284
175 63 355 211 403 552
176 30 98 203 34 15
177 245 132 349 200 151 534
178 277 67 173 293 607
179 278 683 274 151 461 508
180 279 280 135 453 239
181 163 457 458 421 412 274 651 537 855 503
182 196 586 633 214 846 133 550 751
183 78 287 114 128 35 361 194 370 389
184 285 197 67 603 287 264
185 286 336 15 388 840
186 93 210 520 18 240
187 44 318 320 199 706 190 751 178 848
188 295 452 357 273 198
189 30 301 34 303 149
190 20 297 330 84 98 494 257 419 500
191 298 395 98 676 573 824
192 144 284 31 146 703
193 64 300 207 404 370
194 176 52 167 479 5 166 4 571 221 554 163 341
195 190 464 466 467 468 288
196 26 107 652 35 312 46 152 180 340 380 318 524 836
197 302 352 165 276 187 353 619
198 194 866 331 716
199 39 49 197 105 521 206 18
200 197 290 478 333 395
201 184 251 310 88 305
202 32 306 37 408 14 403
203 167 193 308 303 77 290 203 28 13 304 388 413 535 654 513 158 669 846 262 274 512 687
204 307 317 40 67 343 284
205 65 362 178 79 326 139 385 162 358 200
206 311 236 317 733
207 35 521 552 755 894 898
208 314 686 71
209 123 137 345 346 140 173 765 175
210 316 28 430 543 741
211 64 71 112 49 584
212 318 320 348 434 254
213 81 203 82 102 135 432
214 143 319 20 685 270 317 430 556 54
215 67 491 785 553 796 879
216 321 73 552 513 343
217 23 574 142 833 834 360 534 645 104
218 323 324 194 439 256 152 454
219 37 51 15 608 180 748 134 887 873 234 718
220 284 206 339 52 77 277 341 344 358 253 742 802
221 325 65 94 31 284 378 93 78 228 410 393 634 415 822 86 271 180 641 801 54 544 178 162 365 677
222 32 327 82 602 526
223 130 75 179 115 74 94 22 58 170 561 376 405 635 536 139 178 316 733 664 622 148 65 636 55 48 21 377 747 629 719 885 718 196 412 662
224 328 112 115 126 628
225 178 705 64 422 185
226 331 288 77 614 552 786 26 885
227 285 9 67 584 622
228 333 67 144 889 871 875 859 660 841
229 291 89 149 35 501 167
230 41 396 397 383 316 398 400 168
231 1 401 521 309 552
232 248 78 35 774 775 669
233 324
234 334 444 392 256 103
235 287 51 200 337 388 533 534 535
236 338 292 255 543 284 314
237 288 257 197 284 515
238 46 340 113 212 180 563 639
239 57 538 52 35 777
240 71 176 179 196 274 426
241 30 42 46 37 69 351
242 35 768 780 98 633
243 218 359 18 288 23
244 155 262 189 28 204 54
245 64 242 23 144 406 262 31 462
246 94 664 662 287 533 462 855
247 360 845 799 541
248 112 363 98 9 435 104 579
249 171 94 66 543 77 413 677 678
250 42 74 411 35 57 556 581 284 658 599 98 479
251 37 617 368 808 349
252 364 165 365 366 238 369 151
253 151 427 237 473 68
254 284 379 380 328 85
255 94 66 35 102 321 412 13 92 172 323 256 685 71
256 371 542 737 227 420 624 257
257 290 324 521 46 35 31
258 169 462 373 31 297
259 318 425 588 54 732
260 371 364 593 262 876
261 379 380 373 114 356 319 364
262 194 302 384 85 112 549 355 218
263 36 98 570 335 731
264 262 185 254 325 312 451 120 450
265 98 208 145 324 341 177 286 649 117 535 845 745 682 589
266 155 384 386 35 186 402 426 57 98 194 275 650 122 700 188 877
267 367 311 578 299
268 381 462 13 291 714 151
269 350 383 46 338 254 306 270
270 137 402 169 492 642 442 317 345 731
271 284 390 552 703 825 288 515 883
272 30 540 85 317 630
273 203 15 600 70
274 392 432 773 506
275 393 284 667 164 29 412
276 87 13 134 280 239 302
277 394 357 373 601 234
278 399 68 35 316 725
279 303 119 587 692 553
280 227 31 136 755 155
281 404 65 366 212 474 461 391 153 686 394 51 505 130 681
282 405 262 428 429 254 625 489 397 316 684 795 875 690
283 64 238 46 146 212
284 166 363 348 425 284 65 133 401 349 449
285 407 39 172 98 176 439
286 392 22 408 27 238 324 474 700 50 35
287 206 180 153 324 421
288 9 284 597 104 719
289 188 393 134 388 640 539
290 282 288 596 838 642 85
291 284 197 291 523 186 556 167 426
292 146 366 43 238
293 347 420 423 425 312 629
294 30 378 342 458 262
295 149 374 171 320 508 51 670 733
296 414 54 517 308 290 302 46 599 677 701 317 144 614 284 291 546 283 275 868 474
297 288 431 49 144 2 515 20 744 620
298 262 288 611 457 395 516 404 552 703 64
299 415 328 416 71 417 246
300 418 867 459 370 853 742
301 349 253 430 522 262 648
302 419 183 288 521 360 155 538
303 315 159 497 337 651 143
304 194 205 120 49 99
305 230 378 144 208 30 274 86 57 20 15 69 430 587 284 475
306 60 741 226 273 462
307 49 741 606 758 459
308 30 426 135 433 315
309 280 785 388 301 13
310 197 107 415 313 58 180 287 634 324 10 505
311 238 679 375 465 369 158 32
312 435 197 383 446 447 504 426
313 436 130 213 437 441
314 268 238 438 149 439 440
315 65 10 521 79 664 755 821 396 895 896
316 15 193 13 46 159 643
317 442 288 393 314 246 501 177 513 518 565 492
318 35 118 326 516 530 303 356
319 443 417 549 303 653 519 853
320 270 626 648 52 155 468
321 39 49 600 372 342
322 354 46 700 369 324 35 144 511 259 485
323 259 84 27 64 144 85 182 570 37 525 524
324 285 91 35 71 197 221 318 120 564 67 93 168 57
325 241 116 408 117 490 53 291 75 677 45
326 4 464 252 475 104 208 353 864
327 203 30 134 116 455 456
328 338 449 404 741 742
329 392 90 229 509 9
330 30 134 15 69 73
331 223 521 469 508 270 870 463 895
332 348 318 513 262 407 578 46
333 452 558 317 288 194 554
334 197 712 746 252 164
335 88 49 519 850 870 898
336 125 600 591
337 233 284 432 60 556 581 281 575 605
338 340 253 136 785 334 364 144
339 454 477 314 199 262 766 649
340 434 148 35 38 338 67 414
341 392 82 71 239 67 144
342 310 360 717 129 238 44 135
343 64 57 464 33 841 877
344 285 417 661 144 723 784
345 447 284 410 341 521 771 519 383 552 252 611 43 255 752
346 459 247 288 460 120
347 303 110 52 100 57
348 461 439 408 180 609
349 71 150 77 57 284
350 470 475 448 485 486 288 496 197 312 57 415
351 9 284 144 790 720
352 471 314 520 521 340 606
353 28 288 262 385 517
354 338 474 391 462 421 686 522 407
355 80 42 292 290 35
356 128 480 575 354 71
357 482 719 222 751 78
358 483 484 35 684 194 101 894 898 899
359 487 544 747 237 506
360 365 488 171 204 489 498 66
361 331 39 321 144 120 35
362 84 1 249 284 301 665 288 57
363 318 364 198 529 513 521 281 669
364 212 338 43 752 744 362 564 618 253
365 204 489 512 430 571 561
366 417 447 284 426 318 163
367 490 60 346 355 724
368 43 641 789 815 325 553 521 683
369 284 344 513 440 77 685 535 466 533 9 649 314 449 512 686
370 375 359 15 491 693 567
371 493 520 501 552 755
372 52 157 158 440 670
373 498 647 521 245 713 755 563 798 515 898
374 21 27 364 77 397 316 258
375 464 262 289 404 388 256
376 66 189 232 57 186
377 188 502 288 169 305
378 506 507 10 202 453 324 244 72 211
379 15 102 135 456 181 665 687 453
380 26 110 22 239 276
381 437 256 399 512 872
382 508 440 98 244 230 245 324
383 510 535 571 275 684
384 511 521 288 75 35
385 444 470 124 761 380 476 570
386 343 442 515 501 169 144
387 98 514 262 49 194 715 625
388 20 78 119 472 537 552 686 520
389 322 512 822 690 535 114 324 627 409 262 13 727 552
390 426 144 180 324 35 104 365 212 677 682 20
391 288 703 144 842 852
392 128 233 455 144 259 629
393 519 100 303 365 151 760
394 520 288 179 374 720 578 147 64 683 77 194 706
395 284 545 845 594 889
396 521 137 35 31 755 850 463
397 199 415 681 822 396 180 718 71 515
398 521 35 755 31 821
399 188 403 469 298 493 448 801
400 470 25 288 286 284 562 483
401 480 197 431 166 382 325 214
402 144 9 297 470 484 25 317 120 35 251 572 201 729 783 462 695 669 521 97 887 464 400
403 522 180 47 533 639 705
404 436 85 288 482
405 34 30 572 539 119
406 384 67 144 219 191 341 382 13 251 392 599 103 611 393 102 239 57 98
407 521 35 755 894 895
408 393 292 60 164 348
409 125 539 303 432 647
410 435 525 19 67 677 747 57 77
411 177 336 23 104 809
412 527 579 150 284 781
413 158 528 487 637 643 96 69 647
414 433 521 360 201 366 536 513
415 532 304 686 162 245 399 727 158 225 180 672 197 543 155 535 512 734
416 77 31 503 547 238 513 521 717 366 117
417 100 526 284 646 229
418 35 537 428 404 635 150 841 868
419 158 245 454 522 637 727
420 415 105 284 392 704 63
421 46 180 66 441 452 262 98 71
422 541 22 685 151 770 474
423 382 373 42 98 147 513
424 292 464 700 271 288 538 57 85 447
425 110 108 455 545 519
426 544 284 440 495 424 743
427 215 202 104 86 862
428 262 674 278 536 745 635 718 180
429 57 546 38 358 373 649 423
430 326 552 664 713 795 662
431 288 578 418
432 546 252 290 569 610 52 247 636 65 256 268 324 28 354 697 439 289 58 35 656 139 200 671 94 682 299 447 312
433 547 458 334 568 444 457 598 340 746
434 548 238 544 35 165 424
435 98 144 409 566 227
436 478 314 331 183 308 682 18 142
437 57 77 483 61 160 284 551 557 560 211 567 155 576 120 518 37
438 65 160 153 187 387
439 30 15 203 34 102 244
440 57 155 480 302 373 77 22 447
441 197 566 177 546 496 490 56
442 138 14 110 34 197 453
443 288 311 556 500 546 236
444 99 340 654 229 621 728 258
445 555 584 211 244 51
446 330 197 607 221 106 71
447 516 377 561 288 695
448 417 358 515 540 755
449 109 363 642 869 859
450 192 510 373 216 734 63 327 114 299
451 333 848 521
452 269 107 231 556 284 448 486 77 197
453 235 25 346 578 484 236 78 286 629 579
454 489 171 515 666 409
455 415 242 236 284
456 131 582 280 288 39 229 826 840
457 269 415 57 20 146
458 130 101 35 737 521 580 20
459 14 60 51 15 87 538 208 164 93 274
460 64 430 189 38 725 426 46 41
461 575 235 226 638 572 452 52 299 681 846
462 106 109 313 85 502 423 747 678
463 579 64 35 77 599 293 568
464 30 312 104 15 120
465 384 291 49 46 194
466 525 428 583 414 626 648
467 16 75 167 275 451 720 174 120 666
468 402 565 590 9 570
469 585 662 664 681 437 272 340
470 562 181 392 853 341 578
471 485 144 211 740 136
472 492 98 46 71 50 295 556 807 809 468 732 390 552 35 725 262 383 756 291 228 299 730
473 429 383 446 307 552
474 57 312 144 307 120 556 288 188
475 588 318 122 89 466
476 139 220 707 213 222
477 215 369 577 235 624 288
478 521 35 31 895 409 899 898
479 591 35 411 426 263 46
480 592 57 309 61 473 440
481 487 287 348 437 157
482 593 262 331 312 166
483 594 595 548 35 77 15 230 293 556
484 554 240 284 20 306 57 331 194 197
485 14 44 156 203 13 456
486 288 391 872 515 552
487 284 410 89 107 831
488 284 84 789 67 286 475 520 290 571 341 786 471 832 438 775 289 737 371
489 102 35 339 691 833 66 820
490 280 572 291 352 608 126 135 613 509 491 12 14 165 239 372 302 748 81 82 563
491 262 67 515 414 359 32
492 604 77 269 578 733 236
493 60 141 640 181 504
494 241 308 120 605 307 318
495 37 529 60 312 176
496 592 313 318 91 788
497 552 52 312 500 346 345 578 475 209 515
498 288 521 713 770 225
499 611 135 612 196 156
500 39 131 684 31 229
501 304 180 11 324 54 51 627 598
502 7 318 223 679 317 330
503 238 295 219 373 601 207
504 36 296 234 135 616 422
505 262 52 278 561 619 620 327 255 325
506 481 84 275 669 203 296 82 77 564 211 392 85 513
507 618 274 531 466 515
508 621 432 291 572 422 740 260 156 135 543 515
509 35 755 895 896 898
510 58 603 622 197 623
511 105 194 556 86 89 57
512 281 1 573 767
513 224 515 57 46 227
514 64 35 297 546 554 373 159
515 400 465 673 421 635 745 585 674
516 574 415 297 290 353
517 307 293 552 308 259 736
518 35 755 821 850 895
519 388 581 456 144 457 706 23
520 630 291 31 463 646 895 896
521 574 35 251 190 275 250
522 631 125 161 688 118
523 141 455 539 456 600 654
524 35 289 520 252 144
525 632 515 578 464 554
526 146 125 64 49
527 389 635 536 5 630 628 846
528 284 392 597 236 331 515 645
529 477 139 680 178 10 561
530 540 218 142 284 49 57 755
531 65 435 690 683 308
532 274 120 155 448 518 466 288
533 194 284 644 160 225 652 663
534 586 54 604 448 720
535 414 391 316 85 338 808 803 745 681
536 60 284 91 480 540
537 197 645 259 629 354
538 440 49 272 513 539 67 112 518
539 289 787 643 292 180 700 443 283
540 526 39 103 455 758 630
541 165 220 397 383 94
542 651 415 428 459 242 143 312 513 173 515
543 364 479 85 389 221
544 655 357 548 423 284 426 144 1
545 177 557 209 346 456 426 13 392 753 490
546 35 338 656 585 673 674 415
547 579 91 306 35 57 370
548 91 266 658 59 256 659 258 229 251 531 301 360 457 689 15 578 466 340 547 504 208 728 606 83 541 782 168 873 121 34 401 51 98
549 318 49 144 798 262 238 89 495 299 703
550 143 660 583 626 661 379 526
551 35 679 577 802 158 439 487
552 122 323 189 638 356 31
553 71 797 226 864 242 552
554 556 77 288 167 331 67 275 497
555 545 203 13 704 456 748
556 338 158 259 324 427
557 188 177 639 190 93
558 238 405 66 219 377
559 167 692 194 144 57
560 102 570 163 835 279 447 767 736
561 197 207 776 762 637
562 607 666 75 67 98 564 318
563 524 586 335 288 488 843 222 138 196 504 706 51
564 668 572 408 295 392 102
565 3 35 507 506 24 823 796 147 392 769 668 275 453 801
566 245 158 670 671 672
567 54 94 675 12 230
568 673 674 338 676 624 690 895
569 46 625 674 624 144 383 398 715 676 446 725 635
570 401 654 422 796 8 12 15
571 226 629 331 581 784
572 354 520 136 371 573
573 252 683 314 60 597 400 324 461 131 832 208 491 310 440 654 262 855
574 78 649 7 535 248
575 57 656 284 438 404 421 508
576 324 237 691 296 455
577 635 664 536 172 434 550 775 421 719 662 745
578 687 364 317 77 194 379
579 688 491 260 163 449 782
580 18 552 107 742 429 288
581 208 637 605 759 706
582 247 415 210 720 1 435 537
583 107 284 761 15 299
584 124 250 538 433 70
585 39 135 453 625 262 67 291 447 355 46 71 767
586 196 555 601 629 180 534 197 324 219
587 426 364 479 98 347
588 29 291 167 197 890
589 543 441 144 690 211 403 578 67
590 447 694 417 63 35 114 841
591 488 696 288 819 553
592 383 202 489 324 256 151 349 754
593 177 557 562 511 23 693
594 692 285 107 293
595 329 547 748 654 740 135 572
596 564 647 318 338
597 238 666 289 267 802 557 56
598 71 698 185 703 650 744 658 776 871
599 408 231 432 342 609
600 569 703 388 576 590 785 619 764 177 483 442 275 248 712 456 284
601 284 396 797 46 520 793 597 400 624 316 313
602 44 247 530 301 87 851 277 150
603 123 594 879
604 107 275 515 64 703
605 369 362 327 495 370 332 144 68 57 598 1
606 536 711 664 705 858
607 275 262 426 98 71
608 667 606 32 501 884
609 222 216 162 377 105 573 877
610 288 415 331 776 259
611 35 338 270 104 205
612 12 301 704 563 456 672
613 261 15 640 295 816
614 503 175 598 499 353 208
615 31 9 284 275 145
616 128 840 71 340 828
617 35 407 708 673 709 710 212 67 312 446 7 128 247 120 559 676 467
618 65 54 47 489 438 180 178 427 434 671 528 536 664 635 745 705 663 603 139 768 719 46 585 397 400 698 421 820 597 423 795 662 158 63 151 802 417 670 593 760 880
619 9 419 48 847 199 517
620 382 579 57 35 462
621 57 181 847 525 77
622 496 262 779 288 298
623 515 416 447 284 357 211 764 703
624 9 275 612 354 173
625 716 582 740 324
626 563 196 76 299 222
627 533 119 434 316 35 397 723 338 303
628 720 225 868 132 77
629 262 722 703
630 721 674 241 723 724 167
631 536 238 559 284 10 421 768
632 726 262 167 700 361
633 223 340 318 107 144 51 275 790
634 303 705 452 94 670 706 782 714
635 552 688 645 39 190 713
636 462 333 14 239 93 729
637 141 562 288 817
638 64 274 815 678 535
639 57 271 142 284 729 542 580 539 563
640 728 81 360 378 817 134 90 665
641 65 319 376 467 468
642 135 306 630 472 46 520
643 31 145 35 520 567 738
644 632 730 705 596 722 98 35 396 635 547
645 731 599 564
646 317 60 150 288 720
647 393 447 817 85 299 891
648 565 483 288 127 842 298 546 492
649 281 242 210 660 331 815 579 462 739
650 275 733 556 13 135 699 302 39
651 478 735 615 580 519
652 262 92 653 291 646
653 523 466 678 739 861 299 347
654 69 536 855 533 603 324
655 339 222 324 266 21
656 33 712 812 2 345 783
657 643 52 370 747 262
658 666 318 821 27 894 896 897
659 262 623 673 676 266
660 235 81 682 249 615 704
661 562 107 77 393 485
662 127 248 753 346 345 584
663 178 635 94 324 754
664 486 780 690 396 284
665 64 692 236 357 135 553 862
666 167 64 77 435 57 720 166 382 67 15
667 256 383 299 656 347 624 404
668 80 417 197 284 71 299
669 190 222 650 341 744 753 484 784 345 783 104 275 724 747
670 30 727 487 104 713 649 350 284 167 180 270
671 740 314 447 420 503 175
672 164 652 284 18
673 9 518 317 410 390 764 465
674 115 288 771 745
675 539 817 393 769 185 194 307 577
676 75 315 284 57 371
677 724 636 312 685 289 617 396 400
678 729 29 501 169 818
679 705 65 214 474 536 437
680 144 57 462 535 31 883 810 513 552
681 192 468 227 186 478
682 702 197 634 556 568
683 552 67 144 70 515
684 248 67 144 552 57 273 312 267 610 1 371 460
685 749 456 317 89 71 7 116 374 259
686 750 766 638 259 851
687 752 386 324 447 180 445
688 376 139 157 635 662
689 456 587 167 669 854
690 229 118 284 30 132
691 530 604 67 552 313 127 364 284
692 539 719 210 10 158
693 641 56 75 190 468
694 57 281 146 20 135 453 343 15 706 31 13 789 89 494 288
695 710 617 318 35 366 449 369 471
696 570 757 573 693 51
697 757 642 493 570 578 582 81 82 57 20 144 521 31 26 347 85 586 406 853
698 317 759 77 515 847
699 486 511 275 288 769 412
700 144 556 284 107 236
701 179 171 524 158 250 121 333
702 169 552 763 756 614 492 501 683
703 59 179 180 158 349 760 662 745
704 312 462 57 175 503 847
705 71 99 447 311 197 13 181 456
706 543 52 777 150 606 812 435 80 312
707 284 447 197 299 860
708 236 146 321 284 248 57 288
709 107 146 764 765 355 256 390 105 216
710 226 762 744 258
711 428 355 226 312 556
712 116 360 453 392 545 767
713 388 96 69 158 672 688 846 370
714 408 31 414 299 513
715 508 635 536 299 846
716 180 680 287 238 170 133
717 605 696 338 620 617 639 430
718 441 720 1 144 827
719 57 49 272 284 720 683 307 790 84 120 77
720 49 669 769 508 726 736
721 101 19 252 249 288 64 20 371 814 356
722 577 746 811 534 550 709 338
723 64 452 599 556 439
724 57 67 35 744 793
725 541 284 288 602 24
726 771 20 554 291 509
727 772 13 279 310 531
728 435 150 284 167 546
729 608 773 4 13 102 264 796
730 46 844 807 80
731 698 694 649 485 592 77 344
732 197 612 284 259 290 123 20
733 288 678 459 546 104 807 881
734 75 20 146 167 515
735 456 30 15 549 539
736 9 224 57 102 566
737 139 180 196 748 282 439 303 334
738 16 284 492 787 625 400 715 624
739 44 117 135 453 778
740 84 57 285 331 144 275 311 248 720
741 144 25 752 388 456 15 605
742 398 591 690 383 446
743 554 152 278 536
744 30 134 342 714 108
745 107 36 39 573 604 742 481 141 113 873
746 117 147 351 12 278 539 578
747 782 155 798 846 130
748 557 783 346 284 551
749 57 167 77 146 737
750 393 284 554 386 262
751 592 564 717 836 318 98 217
752 572 116 102 432 757
753 281 32 285 383 625 209 827 881 702 820 94 324
754 415 520 120 284 613 720 20 247 148 132 699
755 197 221 390 744 857 451 98
756 337 745 343 798 361 674
757 703 167 226 465 645 552 135 310
758 308 231 520 615 701 230
759 227 671 54 505 157 409 151 325 30 134 57 289 404 521
760 30 261 82 15 231 432 778
761 363 510 259 825 874
762 314 663 344 358 683
763 80 226 275 95 221
764 727 48 158 672 439 262 396 167 673 472 434 754 438 151 674 153 238
765 287 366 238 68 670
766 505 466 713 846 653 74 872 248
767 392 531 600 118 303
768 194 373 426 479 702
769 307 677 515 792 159 81
770 761 13 251 239 578
771 657 103 446 375 10 46
772 746 574 251 589 785 455
773 288 578 842 799 729 781 859
774 6 321 396 561 79
775 784 291 198 284 348 469
776 521 756 444 520 39 771 849
777 167 50 371 779 501 729
778 389 538 524 835 761
779 452 399 785 517 678 388
780 50 565 77 71 465 447 236 650 13 392 853 181 284 847
781 152 371 240 755 526 290 862
782 169 501 794 523 492 87
783 340 826 219 822 179
784 288 638 248 284 513 703 84 669
785 63 67 790 151 770
786 188 17 82
787 791 284 46 368
788 493 354 575 13 453 57
789 501 742 235 228 642 57
790 369 377 219 603 66 528 71 447
791 107 20 793 371 513
792 102 56 42 72 420 403 558
793 101 706 825 521 211
794 709 494 710 120 701
795 675 180 57 554 284 548 89 464 97
796 235 520 804 812 446
797 77 521 284 64
798 117 370 24 891
799 285 819 144 91 318 581 732
800 393 747 275 226 89
801 165 180 554 155 424 570
802 160
803 291 732 351 144 694
804 49 755 895 896 899
805 77 371 212 858 167
806 800 689 13 251 392 181 456 783 484
807 64 288 720 161 248
808 235 720 44 220 707 377
809 633 559 516
810 693 803 255 530 18
811 732 74 804 155 827
812 695 155 194 597 453 809 868 548 144
813 262 515 192 381 742 730 426
814 36 823
815 46 71 197 284 650
816 556 692 57 226 520 312
817 352 654 452 616 310
818 67 262 71 552 35
819 165 508 681 287 426 147 512 355 284 513 429 722 385 219 671 607 465 170 225 641
820 64 643 324 754 167 314
821 373 122 603 474 262 308 211 403 241 64 226
822 805 138 560 288 388 339 675
823 527 426 347 852 49 431
824 513 78 317 271 33 169 729 576
825 262 64 426 443 159 38 383 788
826 167 239 510 799 583
827 578 810 784 424
828 588 755 816 31 821 895
829 396 338 400 101 84 383 57 275
830 190 508 578 453 699
831 806 71 377 341 91 384 148 222 485 629
832 515 807 275 750 288
833 222 675 324 377 367
834 46 411 813 765 104 807
835 158 324 544 754 684 32
836 262 575 415 546 678 20
837 557 345 783 484 288 653
838 223 7 206 573 138 811 219 752
839 170 180 555 196 671
840 236 542 701 57 226 420 277
841 809 182 570 807 380 379 236 284 578
842 354 804 35 510 259 747 426
843 145 14 735 191 297
844 79 362 162 427 0
845 235 497 71 315 284 720
846 706 595 364 857 862
847 755 821 895 898 899
848 611 357 258 358 284 131 602 654
849 30 134 69 141 371 73 57 323 38 52 853 284 15
850 144 513 552 535 690 330 307
851 60 738 701 483 221
852 276 67 98 238 587 284 358 653 605
853 291 690 284 854
854 275 259 479 443 57 854
855 169 818 137 501 756
856 30 668 34 39 453 744 831 748
857 490 702 480 525 236
858 535 521 114 411 793
859 50 236 30 251 15
860 733 476 169 492 865 756 570 842 188 562 661
861 819 167 331 144 173 462 284 460
862 299 144 167 350 35 163 715
863 300 49 99 440 552
864 451 22 120 299 853 599 35
865 536 820 664 716 829
866 57 167 31 77 71 520 604 379
867 167 71 311 197 556 284
868 98 261 520 324 521
869 604 71 20 447 281 836 840 288 809 613 739 779 669 758 552 120 31 144 546 535
870 285 415 77 284 275 155 91
871 661 776 572 781 149
872 64 416 599 197 556
873 462 105 15 800 131 422 619
874 57 543 67 275
875 60 77 275 243 538 163 612
876 519 582 12 631 539 24
877 794 77 197 226 393
878 659 857 396 383 723
879 664 705 719 846 98 0 681
880 755 821 129 895 896 898
881 31 755 821 894 895
882 42 613 284 236 581 605 58 482
883 347 824 702 590 177
884 425 312 275 322 371 556 523 515 628 57 827
885 1 354 840 21 795 536
886 642 501 177 729 852
887 98 35 633 199 732
888 532 289 620
889 35 67 57 226 416 248 584
890 194 50 556 236 284
891 72 426 35 447 535 357 453
892 64 331 144 18 371
893 755 816 850 894 895 897
894 393 447 556 320 274
895 747 605 584 95 284
896 56 120 291 666 699
897 275 535 744 57 853 623
898 453 743 856
899 828 794 317 485 733 284
900 107 260 275 71 284
901 436 347 828 570 403 197
902 507 796 557 3 6 345 783 538 612 573 560 687 288 753 792
903 406 226 71 515 863
904 275 766 623 106 52
905 228 31 462 822 604 887
906 329 593 134 135 778 92
907 809 67 319 644 703 77
908 57 312 226 275 267 87 120 145 629 288 720 393 331 144 150 486
909 617 248 535 521 462 343 554 72 262 425 520 87 791 786
910 203 13 102 117 135 748
911 95 236 284 570 578
912 810 105 815 765 161
913 830 822 800 868
914 203 526 117 310 646 169 729 190
915 40 87 792 317 93 759
916 772 134 456 831 15
917 723 780 396 383 797 338 400
918 303 175 549 539 602 131 234 640
919 416 632 515 331 144 3
920 598 421 711 536 745
921 281 595 669 515 262 462
922 148 219 57 388 752 271 105 281 78 82 206 298 377
923 515 696 116 219 711 664
924 415 165 534 180 288 862
925 82 218 456 210 458
926 128 684 556 514 318
927 66 377 98 294 284 154 191
928 665 30 16 15 639 857 578 428 406 73 93 456 503
929 134 342 108 30 236
930 831 604 45
931 837 481 84 20 583 98 138
932 415 30 15 230 149
933 23 396 725 263 480 718 866 682 675 133 780 291 400 808 238 603 683 723 148 194 226 759 521 578
934 289 58 790 622 299 386 820 807 703 536 635
935 621 34 251 230 69 704 455 415 261
936 838 647 845 302 380
937 197 544 556 167 288
938 735 848 743 540 693
939 839 338 332 695 542 771 335
940 262 49 803 9 673 690
941 275 114 62
942 158 399 473 577 846
943 40 275 15 150 357
944 578 354 657 147 167
945 683 835 418 871
946 236 71 77 275 520 556
947 520 248 535 286 521 567
948 627 749 284 546 744 769
949 119 452 522 708 15 151
950 262 49 336 252 168 198
951 589 457 261 274 547 805 51 361 648
952 338 400 274 316 725
953 514 35 556 426 46
954 91 46 315 284 650 35
955 107 822 20 120 357
956 224 758 612 223 620 247 862 843
957 30 355 275 520 69 284
958 822 406 271 569 645
959 167 77 556 759 57 144
960 4 6 507 796 8
961 248 57 46 37 556 411 300
962 496 285 95 284 494 789 226 395
963 836 57 167 218 794
964 541
965 186 194 146 238 324 461 713 846
966 84 67 144 194 228 275 492
967 107 40 689 423 197 284 593
968 310
969 844 845 490 104 260 159 51 747 64 70 628 426
970 54 447 194 46 226 465 287 275 66 533 603 308 675 238 219 871 406 707
971 180 324 627 768 681
972 1 312 227 581 623
973 393 318 71 338 308
974 284 317 144 576 285
975 12 14 251 432 640
976 501 50 275 539 552
977 295 92 135 748 352 432
978 57 331 226 692 341 288
979 795 199 447 132 798
980 537 635 820 718 716 674
981 766 505 586 338 664 179 294 196 222 455 219 603 154 151
982 138 325 393 289
983 57 738 567 415 78 629 291 888 341 64 63 468 789
984 467 629 465 468 144 71 726 552 284 288 411 576 683
985 203 30 51 15 39
986 1 569 331 341
987 98 71 405 112 306 658
988 469 537 331 197 291 699 835
989 376 426 633 377 206 736
990 496 284 730 791 521 370
991 412 415 537 35 98 297 381
992 57 331 345 309 277 823 543 564 335 306 484 318 584
993 122 607 729 416 170 151 681
994 680 0 846 760
995 286 288 614 390 834
996 650 828 139 351 9
997 515 419 813 667 862
998 519 303 772 15
999 101 666 289 566 579 684 512 324
1000 813 817 497 426 447 350 216 578
1001 190 219 204 324 456
1002 25 567 37 345 2
1003 346 484 288 515 471
1004 30 646 71 621 556
1005 747 49 284 168 552
1006 697 18 410 544 144 146
1007 833 179
1008 501 852 859 580 492 763
1009 236 85 195 603 622 369 818 736
1010 275 703 134 69 531
1011 533 152 495 43 144 18 460 151 394 577 304 473 832
1012 281 262 418 271 763
1013 835 703 91 313 622 79 857 651 425 275 235 386
1014 691 1 52 57 451 604 284
1015 515 98 116 334 683 875 331 793 699
1016 291 262 194 71 341
1017 565 373 649 114 248 601 198 535 552
1018 265 425 811 546 447 284 173 597 71
1019 1 235 307 569 626 515 784
1020 287 57 98 180 194
1021 57 235 331 144 71 792 233
1022 57 22 46 462 284
1023 18 667 343 146
1024 129 702 565 867
1025 224 284 9 860 703
1026 616 412 452 274 167 855
1027 262 854 136 632 617 521 80 445 846
1028 839 683 35 866 577 808 120 624 561 891 338 197
1029 401 38 657 596 521
1030 789 308 154 677 196 284
1031 171 237 394 820 855
1032 566 283 460 144 119
1033 856
1034 625 35 383 674 808 284
1035 250 772 34 886 463 456 706
1036 98 287 239 528 275
1037 194 284 809 57 343 847
1038 30 302
1039 384 515 793 343 360
1040 91 824 652 384 699
1041 291 698 525 542 144
1042 412 87 39 184 282 594
1043 57 291 46 556 169
1044 45 208 244 83 135 491 453 353 748 295
1045 281 57 130 439 713
1046 56 396 338 400 404 472
1047 275 71 556 236 857
1048 242 786 426 77 284 888
1049 15 45 117 453 549
1050 778 279
1051 84 435 426 167 49 853
1052 424 85 566 299 715 351
1053 15 250 456 88 239 365 498 636 14
1054 359 252 59 412 235 375 275 618 456 197
1055 726 718 122 675 294 219 339
1056 52 312 40 284 653
1057 721 513 0 114 414
1058 599 710 629 766
1059 420 432 455 787 490
1060 57 537 104 85 515
1061 52 98 174 308 120 405 213 236 337 318
1062 659 64 31 405 535
1063 654 229 740 39 647
1064 27 85 477 549 539
1065 78 275 95 248 386
1066 578 15 288 830 440
1067 104 122 396 338
1068 262 459 104 658 165
1069 452 87 180 43 167 690 744
1070 247 610 804 865 738 177
1071 527 303 552 533 522
1072 372 396 426 617 57 49 307 416 91
1073 811 533 447 369 361 724
1074 291 415 354 317 822 301 134 225
1075 210 93 552 835 143
1076 595 267 709 35 673 275 676
1077 322 80 331 521
1078 167 537 464 854 465 825 352 521 654
1079 748 722 575 554 197 736
1080 54 136 212 147 96 552 239
1081 305 410 707 556 744
1082 818 824 111 123 137 756 842
1083 57 20 101 275 146 367 462
1084 275 865 756 281 271 578 71
1085 169 305 476 226 847 834
1086 84 372 582 251 351
1087 25 11 665 881 77 226
1088 582 553 14 704 717
1089 177 691 570 552 809
1090 57 552 649 868 171 179 66
1091 288 527 535 289 579 49 846
1092 15 783 731 814 818
1093 384 57
1094 275 867 583 57 284
1095 71 867 35 312 536
1096 477 362 533 158 564 866
1097 636 35 22 171 222 742 317 67 77 522 573 344 284 219 510 684 169 421 795
1098 65 366 338 376 624 788 696 426 165 238 222
1099 666 271 228 150 722
1100 67 228 233 167 293 284
1101 503 175 499 627 838
1102 590 483 167 80 49 77
1103 563 616 598 553 653 524
1104 763 869 57 569 492
1105 284 807 275 71 351 752
1106 447 244 156 279 135 731 859
1107 303 742 617 283 786 386
1108 780 377 664 536 795
1109 160 875 57 863 410 644 834 817 860
1110 381 551 275 623 834 648 515 51 744 611 432 747 814 699
1111 515 716 630 757
1112 133 633 335 672 718 534 635 716
1113 98 588 57 341 843
1114 281 56 77 790 513
1115 436 556 273 235 15 150 720 830
1116 239 837 699 826 134 767 234
1117 262 426
1118 291 71 146 514 293
1119 303 57 235 167 343 312 226 307 180 324 648 804 52 537 873 323 366 197 232 464 563 718 654 352 512 456 93 182 367 695 515 626
1120 423 112 560
1121 675 324 665 284 862 861 688
1122 810 303 415 312 51 573 249 515
1123 30 15 499 838 545
1124 262 52
1125 30 46 599 775 720
1126 291 514 384 275 284
1127 345 515 744 731 850
1128 485 101 35 167 307
1129 383 790 67 527 887
1130 226 128 465 556 833 759 864
1131 501 818 402 824 852 869 590
1132 680 158 139
1133 735 712 186 71
1134 262 679 884 186 874 377
1135 71
1136 98 194 197 556 650 703
1137 338 742 617
1138 546 46 807
1139 531 453 353 728 135
1140 274 649 558 291
1141 14 274 378 689 325 767
1142 572 167 194 190 874
1143 235 607
1144 64 35 104 186
1145 166 599 404 578
1146 720 825 637 643 724 861 31 338 294 663
1147 538 226 492 869 859 794 284
1148 138 217 84 490 242
1149 515 844 167 50 456 98
1150 716 664 32 829
1151 84 527 18 543 201
1152 496 885 177 700 481 515 530
1153 98 194 91 32 347 284
1154 876 521 825 291 293 456
1155 573 227 830 858 202 668 343
1156 296 335 288 447 180 164
1157 275 431 364 317 144 194 167
1158 291 776 684 275 288 54 262 700 730 264 35
1159 46 22 299 67 57 284 881
1160 219 180 377
1161 732 180 461 536 745
1162 266 732 878 743 882
1163 52 105 375 321 516
1164 560 552 93 186
1165 578 284 807 57 548 614 275 813
1166 844 268 589 495 461
1167 30 116 285 71 679 584 794 443 860 363 265 631 186 49 51 614 15 69 740 412 621 541 675 238 134
1168 62 275 50 564 93
1169 226 91 425 573 194
1170 22 474 745 62
1171 588 194 71 104 197 556 578
1172 614 317 546 877 888
1173 80 67 370 248 679
1174 71 248 492 869 756
1175 12 262 35 456 552 723
1176 228 181 566 324 501 521
1177 363 57 548 275 742 817
1178 78 396 89 291 262 284 331 137
1179 67 246 288 784 860 46 679
1180 98 403 190
1181 469 197 556 284 613
1182 700 517 698 515 593
1183 57 679 170 675 498 238 200
1184 477 743 215 337
1185 120 419 703 262 312 57 49
1186 698 317 552
1187 715 734 324
1188 447 535 180
1189 38 618 57 453 388 826 35
1190 86 275 273 20 101 56 194 236
1191 533 751 238 686 846
1192 858 226 556 53 881
1193 20 666 573 858
1194 582 57 144 779 288
1195 151 324 535 98
1196 594 144 291 138 834
1197 41 699 71 873 395
1198 426 180 707 578 643
1199 268 154 196 151 627 222
1200 197 793 629 331 226 236 659
1201 262 64 426 300 35 144 149 284
1202 175 886 13 392
1203 882 158 572 139 488 482 237 521
1204 610 1 150 515 570
1205 543 475 807 469 1 288
1206 623 683 862 895 896
1207 644 192
1208 84 71 309 197 556
1209 291 552 555 495 573
1210 702 426 140 173 227
1211 317 569 284 834 867
1212 738 409 483
1213 62 556 30 230 69
1214 194 46 112 291 806
1215 4 796 608 506 260
1216 598 57 444 243 547
1217 515 9 194 331 144 520 482
1218 98 250 453 874 279
1219 396 0 617 529 18 290 564
1220 288 317 864
1221 105 151 706 731 708 686
1222 316 513 803 117 732
1223 71 284 881 334 115
1224 52 290 445
1225 758 220 264 633 146 811
1226 742 289 275
1227 791 570 93
1228 422 291 32 165 623 860
1229 72 699
1230 510 434 421 846 40
1231 694 847 89 166 57 666 35 679 303
1232 167 71 144 218 227
1233 532 167 643 426 804
1234 101 167 393 546 303
1235 64 226 16 700 655
1236 317 863 724 690 521
1237 20 554 835 777 637
1238 98 324 683 623
1239 341 219 262 57 632 857
1240 544 370 781 791 2 288 731
1241 46 111 540 84 64 94 297 288 853
1242 846 338 639 54 487 577 180
1243 363 174 424 710 744 262
1244 699 479 102 587 744
1245 881 426 236 578 834
1246 651 150 567 288 738 345
1247 605 882 899
1248 57 695 284 835 383
1249 14 13 801 552 18 121
1250 147 533 740 768 745 681
1251 98 445 760 454 370
1252 804 571 552
1253 549 30 41 261 144 500 494 15 403
1254 515 510 197 855
1255 57 35 71 747 584
1256 694 847 552 860 57
1257 85 447 299 501 824 799 60
1258 64 226 733 604 834
1259 342 35
1260 85 726 588 406 771 794 57 144
1261 48 35 533 151 671
1262 488 144 797 288 794
1263 242 127 238 134 521
1264 604 513 862 134 342 231 432
1265 22 58 195 603 622 474
1266 39 404 683
1267 35 409 465 605 340
1268 312 573 513 860
1269 349 237
1270 357 98 10 675 324 777
1271 265 425 194 650 867 862
1272 306 291 288 341
1273 539 13 392 800 303
1274 143 67 695 605 495 774 885
1275 362 57 667 708 684 597 272 349 461 167 80 161 324 627 512 284 862 235 35 312 307 321 268 677 674 0 343
1276 135 855 76 113 347
1277 138 560 448 486 753
1278 355 15 520 790 835
1279 67 77 272 878 57 226 284 744 890 80 49 690 436 91 197 181 429 167 144 447 779 819 839
1280 776 535 812 543 698
1281 588 32 810 318 667
1282 57 659 826 578 657 105 707 66 893
1283 279 886 288 129 838
1284 442
1285 69 440 882 208 453 388
1286 447 535
1287 73 429 774 57 197 747 384 890
1288 890 871
1289 886 102 117 704 30 526 631 239
1290 890 281 605 386 881 275 288 299 699 453
1291 16 470 39 111 432 302
1292 77 275 836 205 835
1293 59 54 262 64 94 35 98 860
1294 64 762 57 447 284 578
1295 464 377
1296 666 721 101 226 51
1297 486 448 511
1298 608 8 538 779 762 699
1299 505 708 349 64 46 337
1300 734 395 722 500 465
1301 801
1302 384
1303 235 80 700 683 552 464
1304 392 559 768 536 745
1305 180
1306 601 278 337 287 550 212 306 711 84 122
1307 636 355 86 721 98 18 146 695 97
1308 436 198 642
1309 64 722 226 213 690
1310 805 665 11
1311 470 382 570 750 182
1312 853
1313 479 297 578 874 291
1314 284 38
1315 34 82 92 135 372 609 757
1317 101 405 733 236 578
1320 843
1323 605 519 834 881
1324 796 608 447 707 555
1325 646 88 687
1330 1 424 467 655
1332 229 138
1333 13
1334 862
1343 436 179 207 210 846 880
1344 771
1346 578
1348 36
1357 110 432
1358 88 717 458
1362 476 288 501 492
1363 85 363 741
1364 224
1365 35 515
1366 135 453 865 893
1369 699
1371 743
1372 464 700 596
1374 317 460
1376 595 57 151 855
1378 184
1379 238 369 324 686
1381 806
1382 556 552 57 774 666 144
1383 57 666 515
1384 375 388
1385 164 616 284
1387 177
1389 56 407 144 550 718
1390 64 77 197 556 288 464 209
1391 886 889 456 295 893
1392 381 892 812 72 851 57 564 167 673 677
1393 426 739 71 665 881
1394 501 866 735 860 879
1395 396 447 400 715 564 624 625 301 100 250 804 703 734
1396 529 667 665 894 764 887
1397 288 475 655 832 324
1398 287 635 768 745 681
1399 383 398 797 338 725
1400 631 63 822 722 684 605 30 299 337 664 536
1401 300 684 453 699 847
1402 57 144 198 288 460 552
1403 63 544 721 673 841 822 35 383 397 316 450 610 114 577 322
1404 331 797 226 556 833 404 786 288 860
1405 226 460 871 284 898
1406 84 696 57 144 15 875
1407 60 98 463 370 556
1408 134 69 73 630 893
1409 364 291 690 578 747
1410 67 77 174 104 610 876 61 804 556 629 386 857 84 262 284 892 226 64 183 236 515
1411 490 72 211 463 514 835 284
1412 588 32 167 447 556 623
1413 788 839 844 366 238 200 447 377 516
1414 64 78 57 62 321 197 288 578
1415 123 501 469 30 729
1416 412 7 142 527 288
1417 14 53 30 554 15
1418 57 122 46 284 884 862
1419 370 502 878 635 515 834
1420 64 57 307 284 874 862
1421 616 353 284 521 558 556 167 231 893
1422 84 77 758 335 284
1423 35 77 98 194 104 226 707 555 699 784 892
1424 721 98 873 667 707
1425 57 494 71 853 834 867
1426 57 35 194 570 539
1427 484 622 179 76 690 719 681
1428 796 800 135 5 334 889 578
