0 20 11
2 13
3 10
4 10
5 1 10
6 9
7 13
8 9
9 18
10 7
11 3
13 7
14 7
15 16
16 16
17 7
18 7
19 7
20 15
21 15
22 7
23 7
24 7
25 7
26 7
27 7
28 2 3
29 2 3
30 7
31  23
32 18
33 10
34 2 3
35 15
36 2 18
37 3
38 2
39 14
40 2 3
41 7
42 7
43 3 18
44 10
45 23 9
46 7
48 3
49 7
50 17 11
51 7
52 7
53 7
55 7
56 9
57 1 10
58 13
60 13
62 3 18
63 2
64 3
65 2 7
66 2
67 7
68 13
69 17
70 15
71 7
72 15
73 15
75 9
76 10
77  23
78 10
83 13
84 20 8 23
85 10
86 3 5
87 5
89 3 20
90 
91 9
92 23 9
94 
95 13 21
97 7
98 7
103 17
104 13 6
105 13
106 11 8
107 1 10
108 16
109 2
110 3
111 3
112 2 3
113 21
114 3
116 13 21
117 14
118 16 9
119 3
120 3 7
121 15
122 2 3
123 2 3
124 2 3
126 20
127 10
128 7
129 15
130 7
131 7
132 7
135 11
136 7
137 7
138 23 9
139 4
140 17 11
141 23
142 23 9
144 7
145 23
146 13
147 13
148 7
149 18
150 11
151 1
152 16 13
153 10
154 10
156 10
157 10
158 13
160 16 9
161 9
162 3
165 2 3
166 3
167 7
169 7
170 11
171 7
172 16
173 3 15
174 7
175 7
176 15
177 2
178 7
179 13 23
180 
181 16
182 17
183 21 11
184 17
185 15
186 3
187 13
188 22 23
191 3 10
192 3 10
193 11
194 10
195 20
196 10
197 17
198 20
199 11 8
200 3 21
201 20
202 20 21
203 3
204 9
205 21
207 3
208 2
214 13
215 20
217 3 5
218 20
219 20
220 11
221 11
222 13
223 10 23
224 4 10
225 10
227 13 20 23
229 18
230 13 11
231 13 11 23
232 7
233 7
235 18
236 21
238 1
239 
240 7
242 17 21 11
243 3
244 16
245 16
249 16
254 13 17
255 17 11
256 3
257 17 21
258 18
260 13
262 4 10
263 3
264 3 20
265 20 11
266 3 7
268 7
269 13 23
271 7
274 
275 3
277 10
278 16
279 17 11
281 9
282 7
283 21
284 11
285 21
286 20
287 10
288 20
290 7
291 13 20 8
292 7
294 11 8
295 9
296 10
297 10
298 16
300 3 10
302 5
303 7
304 3
306 3
307 1 10 22
308 13
309 3
310 20
312 3
313 3
314 7
315 9
316 23
317 
319 20
320 22 23
321 17 21
322 20
324 20 11
326 3
328 18
329 7
333 10
335 3
337 1
338 9
343 3
346 3
347 7
348 
352 17 11
353 2 3
355 7
356 9
357 18
358 13
359 5
360 11
362 4 10
363 4 10
364 11 8
366 
367 13 21 23
368 23
371 21
373 
378 17
381 3 18
383 6
384 7
385 
386 3 20
388 14
390 11 17 
395 17 11
398 
404 20
406 9
408 3 10
410 3 5
414 10
417 11
424  5
425 7
429 18
434 21 11
437  14
439 21
440 7
441 17 11
444 7
453 
458 13 17 21
463 
467 13 21
471 21 
481 23
488 13 22 9
490 2 7
491 15
514 18
515 1 10
516 3
517 23 9
518 10
530 3
531 3
544 10
550 18
558 9
560 13
561 13
563 7
569 21
571 13 
572 14
580 10
582 18
588 1
589 10
608 8
614 20
616 15
617 20
623 17
639 13 11
646 7
732 19
793 19
809 19
813 
837  9
872 19
876 19
889 13
925 4
926 1
934 4
941 19
942 19
943 19
946 19
947 19
948 19
949 19
953 16
1260 13
